27°44'06.0"N 85°19'02.5"E
27.734985, 85.317357

//style2.css   ------- 18 lines

    border-radius: 41px;
    height: 200px;
    width: 615px;
    border: 2px solid #cdcdcd;
    padding: 2px